0.271493
1.62405
1.6535
1.6882
1.7271
1.7682
1.80901
1.85211
1.89196
1.92931
1.96421
1.99816
2.03106
2.06436
2.10091
2.13676
2.17226
2.20736
2.24276
2.27886
2.31686
2.35441
2.39176
2.42846
2.46426
2.50021
2.53716
2.57321
2.60876
2.64511
2.68181
2.71921
2.75796
2.79616
2.83421
2.87226
2.91096
2.94881
2.98741
3.02501
3.07001
3.12181
3.16612
3.23352
3.26247
3.28887
3.31462
3.33742
3.35967
3.37992
3.39797
3.41507
3.43202
3.44872
3.46457
3.48067
3.49727
3.51387
3.53017
3.54617
3.56217
3.57802
3.59357
3.60887
3.62432
3.63952
3.65502
3.67082
3.68647
3.70207
3.71772
3.73317
3.74822
3.76342
3.77872
3.79357
3.80872
3.82467
3.84092
3.85692
3.87182
3.88642
3.90062
3.91537
3.93012
3.94487
3.96022
3.97537
3.98877
4.00237
4.01597
4.02972
4.04337
4.05697
4.07137
4.08557
4.09947
4.11392
4.12847
4.14222
4.15697
4.17187
4.18662
