0.810063
0.855663
0.878263
0.901063
0.919663
1.22126
1.23546
1.27486
1.30106
1.32646
1.35386
1.36926
1.38386
1.41206
1.44086
1.47106
1.48746
1.50806
1.53006
1.55286
1.58026
1.61026
1.64006
1.67106
1.70306
1.74526
1.79466
1.86366
1.94926
2.03986
2.12046
2.19906
2.27666
2.35146
2.42446
2.45726
2.53266
2.54946
2.61966
2.62166
2.68706
2.72106
2.79386
2.80566
2.87546
2.93526
2.94886
2.96126
3.01166
3.02946
3.09106
3.12686
3.22246
3.27606
3.28806
3.29966
3.35086
3.36226
3.37486
3.44286
3.50146
3.53766
3.60266
3.72086
3.73266
3.78006
3.79366
3.81166
3.88766
3.94866
3.95546
3.99926
4.01326
4.01646
4.05646
4.12306
4.13626
4.16946
4.17946
4.18726
4.21446
4.24926
4.27306
4.29066
4.32526
4.35626
