1.03384
1.50064
1.52204
1.54544
1.57164
1.60324
1.63444
1.66244
1.69664
1.73584
1.78924
1.85464
1.93764
2.01064
2.06944
2.12224
2.13284
2.15424
2.20964
2.22524
2.28504
2.29464
2.30224
2.36064
2.37744
2.42304
2.43464
2.44784
2.45564
2.52424
2.57444
2.61264
2.64464
2.67604
2.72524
2.81804
2.84144
2.86444
2.88684
2.97924
3.00244
3.04784
3.07264
3.09544
3.18604
3.20844
3.22984
3.25384
3.27764
3.29964
3.34344
3.36704
3.39084
3.41444
3.43824
3.46124
3.48444
3.50704
3.52964
3.55584
3.58204
3.60524
3.62884
3.65244
3.69924
3.72144
3.74364
3.78944
3.81264
3.83604
3.88244
3.90524
3.92844
3.97604
4.00164
4.02344
4.11504
4.13604
4.22884
4.30324
