0.672233
1.53203
1.58803
1.61883
1.64843
1.68103
1.71303
1.75583
1.83043
1.90823
2.01043
2.08583
2.12043
2.12663
2.18143
2.19423
2.25323
2.27223
2.33563
2.34163
2.38103
2.39163
2.40163
2.44643
2.45783
2.49703
2.51203
2.54303
2.56423
2.57763
2.59563
2.62503
2.63443
2.64003
2.65283
2.66803
2.68983
2.69543
2.70543
2.71623
2.71743
2.72803
2.74563
2.76803
2.77963
2.78543
2.79223
2.79763
2.80583
2.82043
2.84503
2.85243
2.86063
2.87463
2.89323
2.91763
2.92743
2.94303
2.96303
2.99443
3.00383
3.01183
3.01823
3.01923
3.04343
3.06343
3.06903
3.08103
3.09463
3.11663
3.12483
3.14583
3.15103
3.16323
3.17803
3.20023
3.22543
3.25283
3.27683
3.28843
3.30163
3.32083
3.33623
3.34203
3.35283
3.36283
3.37123
3.39763
3.42123
3.43503
3.44683
3.45423
3.47483
3.48663
3.49323
3.51563
3.52203
3.53623
3.54103
3.55883
3.57443
3.59703
3.60303
3.60883
3.62083
3.62963
3.65083
3.66783
3.67443
3.69523
3.70243
3.72303
3.74303
3.76323
3.77623
3.80943
3.82163
3.82763
3.85123
3.86283
3.88203
3.90423
3.92503
3.94783
3.94883
3.96463
3.97123
3.99263
4.00503
4.01383
4.02883
4.03563
4.05723
4.06943
4.08463
4.09963
4.13143
4.14223
4.16123
4.18343
4.20083
4.22023
4.24583
4.25683
4.26723
4.28463
4.31803
4.32363
4.34703
4.35483
4.37263
4.40163
4.41323
4.43243
4.44723
4.47083
4.47963
4.49383
