1.22194
1.45934
1.47874
1.49934
1.52174
1.54734
1.57514
1.60354
1.63294
1.66414
1.69614
1.73334
1.78814
1.85514
1.94874
2.06054
2.12694
2.14674
2.20394
2.22974
2.28734
2.30794
2.36214
2.37934
2.42754
2.43914
2.48634
2.49894
2.52114
2.57714
2.60114
2.66494
2.67014
2.71314
2.71994
2.75274
2.76934
2.81214
2.87194
2.90314
2.91194
2.93074
2.96474
3.02274
3.02914
3.04754
3.05334
3.08254
3.11454
3.12294
3.14274
3.15814
3.16434
3.19754
3.21154
3.23314
3.24234
3.25294
3.28614
3.29654
3.32914
3.33814
3.34494
3.36134
3.37674
3.38774
3.39514
3.43754
3.44394
3.46374
3.47994
3.48754
3.51694
3.52274
3.53554
3.56294
3.57194
3.57954
3.59634
3.61034
3.61914
3.62694
3.66214
3.67094
3.67954
3.70974
3.71074
3.71994
3.74134
3.76634
3.77494
3.81114
3.81754
3.82654
3.86134
3.87374
3.89474
3.90814
3.91934
3.93894
3.94934
3.95794
3.96554
3.98294
4.00074
4.01014
4.03034
4.04674
4.05734
4.08514
4.09134
4.10354
4.13434
4.13994
4.17574
4.18434
4.20114
4.22134
4.23534
4.24114
4.26074
4.29934
4.32254
4.33414
4.34074
4.35934
4.37074
4.37874
4.39894
4.41334
4.41974
4.45454
4.46374
4.48294
4.49994
4.51254
4.54554
4.54894
4.56154
4.58314
4.59814
4.60414
